Sample begin : 
Sample begin : 
init n_id : tensor([399913, 405532, 405655, 409413, 411303, 416916, 426271, 428140, 430035,
        431945, 433835, 433859, 437535, 437540, 437581, 437753, 443163, 443246,
        445025, 448893, 450913, 454424, 454459, 456314, 456419, 458270, 460078,
        460084, 461980, 462041, 462148, 463887, 463894, 465812, 465839, 471476,
        473415, 477119, 478816, 478962, 480888, 482786, 484738, 486598, 489863,
        490676, 491667, 492048, 495296, 495522, 495634, 495804, 495968, 496010,
        496018, 496037, 496043, 496051, 496053, 496062, 496064, 496073, 496075,
        496081, 496099, 496102, 496112, 496116, 496168, 496172, 496179, 496570,
        496824, 496844, 497163, 497233, 497264, 497364, 497386, 497471, 497737,
        497820, 497828, 497966, 497996, 498136, 498241, 498249, 498251, 498253,
        498269, 498284, 498294, 498298, 498302, 498305, 498307, 498312, 498336,
        498338, 498354, 498356, 498377, 498380, 498384, 498387, 498391, 498405,
        498407, 498411, 498423, 498424, 498428, 498431, 498434, 498441, 498448,
        498458, 498459, 498470, 498481, 498487, 498489, 498492, 498500, 498510,
        498514, 498532, 498538, 498540, 498557, 498568, 498570, 498576, 498587,
        498602, 498605, 498609, 498610, 498617, 498634, 498636, 498640, 498641,
        498644, 498648, 498650, 498658, 498666, 498670, 498676, 498684, 498689,
        498690, 498694, 498698, 498708, 498712, 498722, 498749, 498754, 498758,
        498761, 498764, 498767, 498772, 498775, 498781, 498783, 498787, 498810,
        498819, 498820, 498823, 498831, 498842, 498847, 498855, 498861, 498876,
        498887, 498893, 498896, 498901, 498909, 498914, 498932, 498934, 498941,
        498957, 498959, 498972, 498977, 499047, 499055, 499128, 499132, 499192,
        499262, 499271, 499339, 499343, 499349, 499365, 499374, 499390, 499395,
        499406, 499414, 499416, 499420, 499446, 499450, 499460, 499462, 499466,
        499469, 499475, 499479, 499490, 499496, 499498, 499500, 499504, 499508,
        499514, 499527, 499560, 499578, 499595, 499608, 499610, 499623, 499638,
        499640, 499656, 499659, 499672, 499681, 499716, 499733, 499737, 499744,
        499746, 499780, 499783, 499792, 499798, 499817, 499819, 499827, 499832,
        499849, 499857, 499863, 499911, 499953, 500004, 500007, 500047, 500050,
        500142, 500201, 500218, 500233, 500259, 500263, 500281, 500301, 500326,
        500329, 500347, 500369, 500371, 500381, 500393, 500395, 500436, 500453,
        500490, 500514, 500518, 500522, 500532, 500550, 500562, 500568, 500574,
        500584, 500588, 500596, 500602, 500610, 500618, 500622, 500672, 500679,
        500681, 500691, 500703, 500748, 500758, 500789, 500795, 500817, 500837,
        500895, 500942, 500953, 500966, 500993, 501030, 501049, 501096, 501111,
        501121, 501141, 501177, 501195, 501220, 502901, 502903, 504857, 508553,
        512344, 516174, 516261, 518131, 519973, 523816, 525776, 531363, 531396,
        533198, 535107, 535173, 537025, 537056, 537073, 538857, 540834, 540843,
        540898, 542738, 544624, 546409, 546443, 548401, 552095, 556026, 557946,
        559853, 561773, 561829, 565564, 569302, 569307, 569371, 573166, 573176,
        576869, 578840, 578906, 580714, 580716, 582613, 582621, 582670, 582691,
        582692, 584600, 584604, 584626, 584752, 586436, 586552, 588381, 590234,
        590267, 590295, 595975, 596002, 597868, 603484, 603565, 605454, 609139,
        609150, 609218, 611005, 611016, 611053, 611104, 614829, 616802, 618641,
        618701, 620553, 620601, 622426, 624323, 626275, 630003, 630067, 630171,
        633804, 633845, 633889, 635676, 635692, 643347, 648891, 648946, 649003,
        650771, 652635, 654597, 656438, 656481, 658242, 658412, 660188, 660254,
        662129, 665835, 667782, 671464, 671486, 671564, 673378, 673430, 675322,
        677139, 677145, 677245, 679106, 686645, 686708, 688513, 688638, 690428,
        690495, 690514, 690576, 694196, 707455, 707459, 709380, 711174, 713142,
        715220, 718786, 718824, 720840, 722624, 722678, 726465, 726487, 726556,
        728431, 730284, 730290, 732227, 734065, 734264, 737929, 741655, 743535,
        743566, 743593, 745429, 747306, 747387, 749148, 749218, 751092, 751229,
        753019, 754837, 758693, 760535, 764281, 766149, 768124, 770015, 770052,
        775893, 777701, 781406, 781442, 783367, 783445, 783452, 785331, 787148,
        790988, 790994, 791005, 791044, 792819, 794656, 796534, 798415, 802217,
        806001, 806013, 807886, 807888, 807921, 811714, 811736, 813489])init n_id : tensor([  8016,   8596,   8665,   8917,   8961,   9048,   9067,   9086,   9092,
          9099,   9120,   9142,   9146,   9164,   9166,   9182,   9183,   9198,
          9201,   9204,   9206,   9211,   9224,   9240,   9248,   9450,   9578,
          9714,   9995,  10083,  10091,  10214,  10292,  10302,  10330,  10336,
         10420,  10431,  10492,  11145,  11187,  11195,  11216,  11236,  11238,
         11240,  11242,  11244,  11248,  11250,  11252,  11256,  11257,  11260,
         11264,  11266,  11268,  11280,  11282,  11292,  11306,  11320,  11322,
         11331,  11340,  11346,  11366,  11381,  11390,  11395,  11403,  11440,
         11443,  11452,  11457,  11473,  11479,  11489,  11492,  11494,  11497,
         11505,  11506,  11519,  11522,  11530,  11539,  11553,  11556,  11565,
         11584,  11597,  11610,  11614,  11620,  11643,  11649,  11657,  11661,
         11670,  11674,  11676,  11678,  11682,  11695,  11724,  11728,  11752,
         11756,  11784,  11791,  11794,  11798,  11802,  11803,  11808,  11816,
         11821,  11848,  11864,  11868,  11870,  11876,  11878,  11903,  11915,
         11918,  11923,  11932,  11936,  11945,  11955,  11964,  11969,  12015,
         12111,  12306,  12314,  12315,  12317,  12320,  12338,  12348,  12349,
         12353,  12366,  12381,  12383,  12393,  12397,  12401,  12407,  12412,
         12419,  12421,  12437,  12468,  12478,  12485,  12488,  12507,  12509,
         12515,  12523,  12534,  12550,  12568,  12582,  12591,  12602,  12610,
         12632,  12634,  12638,  12644,  12670,  12699,  12709,  12713,  12725,
         12730,  12741,  12803,  12808,  12853,  12989,  12990,  13025,  13128,
         13177,  13181,  13182,  13199,  13204,  13208,  13228,  13237,  13253,
         13257,  13261,  13300,  13318,  13320,  13353,  13358,  13368,  13387,
         13389,  13425,  13432,  13439,  13446,  13464,  13470,  13497,  13531,
         13563,  13615,  13625,  13635,  13637,  13677,  13706,  13707,  13719,
         13735,  13775,  13779,  13786,  13800,  13839,  13850,  13857,  13885,
         13892,  13915,  13919,  13941,  13970,  13983,  13993,  14000,  14077,
         14095,  14099,  14105,  14116,  14124,  14145,  14184,  14195,  14252,
         14264,  14269,  14277,  14286,  14300,  14317,  14330,  16048,  17978,
         18014,  19961,  21859,  21871,  25678,  29400,  31232,  35104,  35122,
         36933,  37051,  39027,  40755,  46330,  48322,  50126,  52069,  52099,
         53980,  55813,  57729,  57746,  61420,  61473,  61555,  63293,  63321,
         63355,  67040,  67165,  69388,  70936,  72791,  72839,  74841,  78426,
         78434,  78549,  78560,  80428,  84131,  84141,  86074,  88006,  89873,
         89874,  93677,  93692,  95496,  97420,  97503, 101296, 101319, 103212,
        103226, 105090, 105120, 105198, 108896, 108952, 108955, 110823, 112683,
        112752, 116603, 118282, 118325, 118346, 120126, 120146, 120165, 120182,
        120206, 120233, 125851, 127851, 127885, 131643, 137324, 137334, 139167,
        139201, 141113, 141136, 144734, 144832, 146662, 146714, 148618, 157924,
        157928, 157933, 159807, 161714, 161733, 163650, 163652, 173140, 173150,
        174957, 174981, 175051, 176808, 176893, 178789, 178805, 178872, 180634,
        182597, 184416, 184424, 184425, 188142, 188204, 190041, 190075, 190118,
        193845, 193856, 195888, 197688, 199569, 203320, 205315, 205324, 205340,
        207219, 209050, 209131, 212881, 216649, 220476, 220498, 222430, 224256,
        226214, 228076, 230008, 235605, 237444, 241188, 241268, 243067, 246939,
        246951, 250679, 254455, 254492, 258193, 258199, 258314, 262011, 263818,
        263825, 265692, 267631, 267658, 267669, 267692, 269595, 269604, 271410,
        271666, 273555, 275323, 275326, 275384, 279040, 279089, 279126, 281048,
        282882, 284728, 284801, 292396, 292429, 294340, 296087, 296145, 296155,
        299863, 301751, 301769, 303581, 303617, 303630, 305493, 307382, 307426,
        307431, 307439, 307446, 311188, 311202, 311219, 313059, 314913, 316837,
        318649, 318683, 318695, 318716, 320575, 322488, 322501, 324367, 324402,
        326280, 329964, 331828, 331847, 335638, 337598, 337621, 339465, 339484,
        341519, 343197, 343208, 345105, 345183, 346905, 347010, 352601, 356397,
        356400, 358316, 358355, 360256, 360264, 364002, 364027, 364058, 365893,
        369594, 369684, 369692, 369761, 371685, 375312, 379126, 382835, 384731,
        390417, 390420, 390507, 392420, 394285, 396148, 398051, 399872])

final n_id : tensor([     8016,      8596,      8665,  ...,  88241248,  94699760,
        244136752])
final n_id : tensor([   399913,    405532,    405655,  ..., 104870408, 112508288,
        244141792])
Sample begin : 
Sample begin : 
init n_id : tensor([1281593, 1281596, 1281661, 1283552, 1283593, 1285486, 1287360, 1287384,
        1291029, 1291044, 1292919, 1292927, 1294223, 1294862, 1296684, 1296709,
        1296759, 1298583, 1298591, 1298639, 1300496, 1300544, 1302396, 1302440,
        1302446, 1302484, 1304314, 1304330, 1304372, 1308155, 1309992, 1310023,
        1310047, 1311802, 1313725, 1315661, 1317582, 1319614, 1327035, 1327106,
        1327128, 1329034, 1330883, 1332687, 1332715, 1332767, 1334577, 1334579,
        1334621, 1336538, 1338401, 1344013, 1349745, 1351507, 1351551, 1351591,
        1351643, 1353499, 1357213, 1359108, 1359152, 1359159, 1359207, 1360992,
        1361185, 1366649, 1366731, 1368603, 1370472, 1370545, 1370560, 1370572,
        1372430, 1372442, 1372443, 1372457, 1374267, 1374385, 1380006, 1380021,
        1383825, 1385630, 1385641, 1387537, 1391401, 1393309, 1393318, 1395189,
        1395199, 1397039, 1397120, 1397145, 1399052, 1401053, 1402854, 1404693,
        1410330, 1410360, 1410381, 1410382, 1410387, 1410406, 1412453, 1414136,
        1414212, 1416024, 1417850, 1419739, 1419875, 1421622, 1421717, 1425472,
        1427391, 1429215, 1429227, 1429253, 1429296, 1429320, 1431123, 1433052,
        1436821, 1438622, 1440516, 1440534, 1442364, 1444358, 1446169, 1449978,
        1455683, 1455793, 1467233, 1469917, 1470217, 1470223, 1470240, 1470249,
        1470386, 1470595, 1470599, 1470601, 1470623, 1470638, 1470640, 1470649,
        1470651, 1470652, 1470675, 1470688, 1470694, 1470703, 1470705, 1470728,
        1470734, 1470754, 1470782, 1470784, 1470788, 1470979, 1471021, 1471242,
        1471500, 1471718, 1471936, 1471941, 1471953, 1471956, 1471962, 1471999,
        1472151, 1472161, 1472283, 1472481, 1472485, 1472883, 1472890, 1472894,
        1472901, 1472910, 1472921, 1472929, 1472936, 1472946, 1472952, 1472958,
        1472960, 1472966, 1472967, 1472970, 1472974, 1472976, 1472980, 1472982,
        1472985, 1472989, 1472991, 1472993, 1472994, 1473003, 1473006, 1473008,
        1473013, 1473018, 1473024, 1473026, 1473033, 1473041, 1473048, 1473059,
        1473063, 1473069, 1473073, 1473076, 1473079, 1473096, 1473100, 1473101,
        1473107, 1473118, 1473122, 1473124, 1473133, 1473135, 1473145, 1473147,
        1473150, 1473159, 1473163, 1473185, 1473193, 1473208, 1473209, 1473220,
        1473222, 1473234, 1473238, 1473246, 1473253, 1473254, 1473264, 1473288,
        1473295, 1473302, 1473307, 1473317, 1473320, 1473324, 1473331, 1473340,
        1473354, 1473357, 1473359, 1473382, 1473394, 1473395, 1473409, 1473420,
        1473438, 1473440, 1473448, 1473458, 1473463, 1473465, 1473523, 1473531,
        1473534, 1473539, 1473549, 1473555, 1473558, 1473562, 1473573, 1473574,
        1473588, 1473600, 1473602, 1473606, 1473607, 1473610, 1473611, 1473619,
        1473626, 1473628, 1473634, 1473636, 1473641, 1473664, 1473667, 1473679,
        1473681, 1473694, 1473698, 1473700, 1473703, 1473707, 1473708, 1473810,
        1473850, 1473930, 1473967, 1474010, 1474103, 1474139, 1474151, 1474173,
        1474182, 1474183, 1474188, 1474193, 1474226, 1474228, 1474234, 1474238,
        1474247, 1474257, 1474269, 1474288, 1474300, 1474343, 1474353, 1474367,
        1474373, 1474391, 1474414, 1474421, 1474428, 1474430, 1474461, 1474486,
        1474553, 1474557, 1474586, 1474609, 1474611, 1474649, 1474653, 1474675,
        1474683, 1474689, 1474693, 1474701, 1474721, 1474743, 1474751, 1474769,
        1474855, 1474886, 1474895, 1474896, 1474901, 1474916, 1474961, 1474967,
        1474971, 1474983, 1474986, 1475030, 1475067, 1475090, 1475113, 1475123,
        1475125, 1475129, 1475155, 1475156, 1475167, 1475211, 1475223, 1475229,
        1475247, 1475259, 1475261, 1475269, 1475284, 1475300, 1475322, 1475324,
        1475332, 1475369, 1475382, 1475392, 1475404, 1475442, 1475448, 1475462,
        1475470, 1475494, 1475499, 1475512, 1475516, 1475526, 1475538, 1475562,
        1475566, 1475578, 1475584, 1475595, 1475620, 1475675, 1475713, 1475721,
        1475766, 1475781, 1475796, 1475826, 1475842, 1475863, 1475880, 1475906,
        1475953, 1475965, 1475977, 1476000, 1476023, 1476051, 1476059, 1476067,
        1476069, 1476079, 1476083, 1477816, 1479658, 1479687, 1479729, 1481541,
        1481583, 1481624, 1481625, 1485399, 1487260, 1489158, 1492881, 1494833,
        1495011, 1496719, 1496792, 1496794, 1498648, 1502461, 1502463, 1504248,
        1504381, 1504383, 1508080, 1508119, 1508137, 1510194, 1511897, 1513752,
        1513815, 1515603, 1515705, 1515715, 1515716, 1521312, 1521318, 1521333,
        1521371, 1523220, 1524963, 1525013, 1526885, 1528826, 1530724, 1532580,
        1532670, 1532753, 1536356, 1536372, 1538297, 1540149, 1540165, 1540180,
        1542039, 1542063, 1542079, 1542093, 1542107, 1542124, 1545836, 1545873,
        1549657, 1549692, 1549737, 1551531, 1553490, 1555282, 1557140, 1560933,
        1566541, 1566576, 1566661, 1568490, 1572208, 1572287, 1574123, 1575950,
        1575963, 1579580, 1579795, 1581583, 1581584, 1583449, 1583491, 1587214,
        1589104, 1591046, 1592852, 1592891, 1594742, 1594771, 1596659, 1598521])init n_id : tensor([ 813575,  817378,  821151,  821247,  823068,  823095,  824850,  828578,
         828619,  828647,  828670,  828674,  828683,  828699,  834263,  834355,
         838079,  839942,  839969,  840080,  849389,  851324,  853239,  855072,
         855092,  855109,  856928,  858858,  860746,  862656,  866472,  870175,
         870287,  874022,  874028,  874155,  875855,  875900,  877732,  877796,
         883630,  887386,  889278,  891176,  892947,  896804,  896812,  898580,
         900444,  902380,  906061,  906141,  911911,  915662,  917496,  923183,
         925013,  925065,  930794,  934568,  936418,  940174,  942077,  947707,
         949565,  949633,  949658,  951462,  951511,  955319,  955442,  959009,
         959100,  960949,  962596,  966514,  966553,  966584,  968446,  970314,
         972171,  974080,  975497,  978795,  982074,  982318,  982544,  982667,
         982716,  983132,  983212,  983394,  983527,  983560,  983567,  983585,
         983594,  983608,  983620,  983624,  983626,  983639,  983651,  983654,
         983671,  983691,  983704,  984563,  984755,  984765,  984769,  984770,
         984788,  984869,  984900,  984950,  985250,  985332,  985343,  985383,
         985462,  985516,  985587,  985591,  985628,  985675,  985681,  985682,
         985686,  985697,  985699,  985703,  985704,  985710,  985717,  985731,
         985734,  985745,  985749,  985752,  985754,  985755,  985757,  985761,
         985768,  985769,  985775,  985778,  985780,  985781,  985785,  985795,
         985799,  985803,  985806,  985817,  985818,  985821,  985825,  985852,
         985875,  985883,  985887,  985891,  985892,  985895,  985904,  985936,
         985940,  985952,  985959,  985961,  985975,  985985,  985989,  986000,
         986009,  986012,  986027,  986029,  986038,  986045,  986057,  986059,
         986066,  986073,  986076,  986081,  986090,  986095,  986107,  986117,
         986121,  986134,  986145,  986146,  986155,  986163,  986165,  986169,
         986184,  986236,  986240,  986242,  986261,  986266,  986276,  986278,
         986290,  986299,  986301,  986315,  986316,  986326,  986334,  986344,
         986350,  986385,  986390,  986393,  986409,  986433,  986435,  986443,
         986446,  986448,  986457,  986491,  986518,  986588,  986595,  986661,
         986678,  986762,  986777,  986787,  986791,  986801,  986841,  986851,
         986853,  986862,  986876,  986878,  986885,  986889,  986894,  986903,
         986916,  986932,  986969,  986976,  986981,  986999,  987038,  987054,
         987099,  987124,  987134,  987135,  987139,  987157,  987167,  987170,
         987183,  987185,  987199,  987206,  987214,  987221,  987226,  987246,
         987265,  987310,  987328,  987331,  987365,  987380,  987440,  987445,
         987485,  987501,  987531,  987534,  987548,  987554,  987571,  987598,
         987612,  987627,  987656,  987661,  987689,  987709,  987731,  987758,
         987764,  987799,  987829,  987845,  987864,  987880,  987915,  987934,
         987947,  987965,  987990,  988009,  988041,  988079,  988112,  988114,
         988146,  988158,  988166,  988189,  988211,  988257,  988263,  988331,
         988354,  988387,  988406,  988414,  988435,  988437,  988445,  988461,
         988466,  988469,  988497,  988528,  988546,  988578,  988657,  988683,
         988691,  988699,  988702,  988705,  988706,  988728,  988746,  988804,
         988828,  988832,  988846,  988857,  990571,  990591,  992378,  992380,
         992447, 1001994, 1003808, 1005708, 1007713, 1011449, 1011467, 1013276,
        1013282, 1018858, 1020797, 1022644, 1022662, 1024482, 1024621, 1028366,
        1028373, 1030269, 1032112, 1032122, 1034086, 1035989, 1041589, 1041607,
        1041633, 1041634, 1043492, 1051103, 1051137, 1054916, 1062412, 1062463,
        1064294, 1064297, 1066243, 1068182, 1070029, 1071872, 1071998, 1072089,
        1073823, 1075654, 1075702, 1075705, 1081307, 1086993, 1090838, 1090843,
        1090866, 1092654, 1094624, 1094668, 1096489, 1096497, 1098532, 1100317,
        1104034, 1104055, 1104063, 1107742, 1109679, 1111579, 1119012, 1119028,
        1120911, 1120922, 1120961, 1121006, 1122808, 1122881, 1124695, 1124731,
        1126653, 1128506, 1130353, 1136168, 1136185, 1136203, 1141820, 1141821,
        1141857, 1141863, 1143692, 1143763, 1143783, 1145576, 1147449, 1147497,
        1149267, 1149335, 1149356, 1153028, 1153126, 1154904, 1156759, 1156885,
        1158667, 1162501, 1164353, 1166266, 1169977, 1171897, 1173792, 1173859,
        1183305, 1183449, 1186965, 1187012, 1187029, 1187030, 1190700, 1190779,
        1192560, 1198263, 1200130, 1200150, 1200178, 1202263, 1204029, 1205846,
        1206109, 1207744, 1207774, 1207819, 1209664, 1211554, 1211655, 1213495,
        1213560, 1215405, 1215414, 1215524, 1217344, 1219346, 1222977, 1224876,
        1224981, 1228652, 1228757, 1236167, 1236196, 1238088, 1241934, 1245741,
        1245748, 1247588, 1249474, 1251396, 1251413, 1253349, 1255155, 1259014,
        1264651, 1264698, 1266539, 1266565, 1268377, 1272197, 1274109, 1275925])

Traceback (most recent call last):
  File "OGB-NeurIPS-Team-Park/relation_NS.py", line 410, in <module>
    trainer.fit(model, datamodule=datamodule)
  File "/users/PAS1289/oiocha/anaconda3/envs/ogb/lib/python3.8/site-packages/pytorch_lightning/trainer/trainer.py", line 499, in fit
    self.dispatch()
  File "/users/PAS1289/oiocha/anaconda3/envs/ogb/lib/python3.8/site-packages/pytorch_lightning/trainer/trainer.py", line 546, in dispatch
    self.accelerator.start_training(self)
  File "/users/PAS1289/oiocha/anaconda3/envs/ogb/lib/python3.8/site-packages/pytorch_lightning/accelerators/accelerator.py", line 73, in start_training
    self.training_type_plugin.start_training(trainer)
  File "/users/PAS1289/oiocha/anaconda3/envs/ogb/lib/python3.8/site-packages/pytorch_lightning/plugins/training_type/training_type_plugin.py", line 114, in start_training
    self._results = trainer.run_train()
  File "/users/PAS1289/oiocha/anaconda3/envs/ogb/lib/python3.8/site-packages/pytorch_lightning/trainer/trainer.py", line 607, in run_train
    self.run_sanity_check(self.lightning_module)
  File "/users/PAS1289/oiocha/anaconda3/envs/ogb/lib/python3.8/site-packages/pytorch_lightning/trainer/trainer.py", line 860, in run_sanity_check
    _, eval_results = self.run_evaluation(max_batches=self.num_sanity_val_batches)
  File "/users/PAS1289/oiocha/anaconda3/envs/ogb/lib/python3.8/site-packages/pytorch_lightning/trainer/trainer.py", line 712, in run_evaluation
    for batch_idx, batch in enumerate(dataloader):
  File "/users/PAS1289/oiocha/anaconda3/envs/ogb/lib/python3.8/site-packages/torch/utils/data/dataloader.py", line 517, in __next__
    data = self._next_data()
  File "/users/PAS1289/oiocha/anaconda3/envs/ogb/lib/python3.8/site-packages/torch/utils/data/dataloader.py", line 1199, in _next_data
    return self._process_data(data)
  File "/users/PAS1289/oiocha/anaconda3/envs/ogb/lib/python3.8/site-packages/torch/utils/data/dataloader.py", line 1225, in _process_data
    data.reraise()
  File "/users/PAS1289/oiocha/anaconda3/envs/ogb/lib/python3.8/site-packages/torch/_utils.py", line 429, in reraise
    raise self.exc_type(msg)
IndexError: Caught IndexError in DataLoader worker process 0.
Original Traceback (most recent call last):
  File "/users/PAS1289/oiocha/anaconda3/envs/ogb/lib/python3.8/site-packages/torch/utils/data/_utils/worker.py", line 202, in _worker_loop
    data = fetcher.fetch(index)
  File "/users/PAS1289/oiocha/anaconda3/envs/ogb/lib/python3.8/site-packages/torch/utils/data/_utils/fetch.py", line 47, in fetch
    return self.collate_fn(data)
  File "/users/PAS1289/oiocha/OGB-NeurIPS-Team-Park/sampler/sample_china.py", line 260, in sample
    out = (batch_size, n_id, adjs)
  File "OGB-NeurIPS-Team-Park/relation_NS.py", line 161, in convert_batch_test
    y = self.y[n_id[initial_batch]].to(torch.long)
IndexError: index 131643 is out of bounds for dimension 0 with size 129953